10 67
10 67
13 21
13 26
13 56
13 59
13 65
13 67
13 82
14 20
14 28
14 41
16 29
16 82
17 19
17 41
19 41
19 89
20 41
20 44
21 25
21 26
21 31
21 39
21 40
21 55
21 56
21 66
21 67
21 88
22 87
23 51
23 61
23 83
24 53
24 57
24 80
25 26
25 31
25 39
25 40
25 51
25 56
25 65
25 67
25 69
25 72
25 73
25 76
25 79
25 83
25 84
25 88
26 40
26 55
26 56
26 62
26 66
26 67
26 69
26 72
26 79
27 54
28 41
29 40
29 82
30 48
30 56
30 73
31 51
31 67
31 83
31 84
33 42
39 69
40 56
40 67
40 72
40 77
41 44
45 67
48 53
48 54
48 57
48 73
48 80
48 88
51 83
51 84
53 54
53 88
55 56
55 67
56 59
56 60
56 62
56 63
56 66
56 67
56 72
56 75
56 82
56 88
57 80
59 82
62 67
65 82
66 67
67 69
67 72
67 75
67 79
67 82
73 88
75 85
80 88
82 84
83 84
